Input,Options,Expected,Predicted
"F: Welches Wort ist länger, ""nach"" oder ""wertlos""? A:","['nach', 'wertlos']",wertlos,nach
"F: Welches Wort ist länger, ""man"" oder ""darüber""? A:","['man', 'darüber']",darüber,darüber
"F: Welches Wort ist länger, ""solches"" oder ""mehr""? A:","['solches', 'mehr']",solches,mehr
"F: Welches Wort hat mehr Buchstaben, ""völlig"" oder ""in""? A:","['völlig', 'in']",völlig,in
"Von den Wörtern ""lang"" und ""zwischen"", welches hat mehr Buchstaben? ","['lang', 'zwischen']",zwischen,zwischen
"F: Welches Wort ist länger, ""ist"" oder ""solches""? A:","['ist', 'solches']",solches,solches
"F: Welches Wort ist länger, ""der"" oder ""Abschied""? A:","['der', 'abschied']",abschied,abschied
"Von den Wörtern ""viel"" und ""gespürt"", welches hat mehr Buchstaben? ","['viel', 'gespürt']",gespürt,gespürt
"F: Welches Wort hat mehr Buchstaben, ""pulvrig"" oder ""da""? A:","['pulvrig', 'da']",pulvrig,da
"Von den Wörtern ""wurde"" und ""offensiv"", welches hat mehr Buchstaben? ","['wurde', 'offensiv']",offensiv,wurde
"Von den Wörtern ""wenn"" und ""bedrohen"", welches hat mehr Buchstaben? ","['wenn', 'bedrohen']",bedrohen,bedrohen
"F: Welches Wort hat mehr Buchstaben, ""im"" oder ""jemand""? A:","['im', 'jemand']",jemand,jemand
"F: Welches Wort hat mehr Buchstaben, ""sollen"" oder ""das""? A:","['sollen', 'das']",sollen,das
"F: Welches Wort ist länger, ""auch"" oder ""bestens""? A:","['auch', 'bestens']",bestens,auch
"Von den Wörtern ""diese"" und ""gemeinsam"", welches hat mehr Buchstaben? ","['diese', 'gemeinsam']",gemeinsam,diese
"F: Welches Wort hat mehr Buchstaben, ""ehe"" oder ""einmal""? A:","['ehe', 'einmal']",einmal,ehe
"F: Welches Wort ist länger, ""gespürt"" oder ""das""? A:","['gespürt', 'das']",gespürt,das
"F: Welches Wort hat mehr Buchstaben, ""so"" oder ""tüfteln""? A:","['so', 'tüfteln']",tüfteln,tüfteln
"Von den Wörtern ""würde"" und ""wirklich"", welches hat mehr Buchstaben? ","['würde', 'wirklich']",wirklich,würde
"Von den Wörtern ""geborene"" und ""haben"", welches hat mehr Buchstaben? ","['geborene', 'haben']",geborene,geborene
"F: Welches Wort hat mehr Buchstaben, ""Anteil"" oder ""im""? A:","['anteil', 'im']",anteil,anteil
"F: Welches Wort hat mehr Buchstaben, ""sehen "" oder ""ja""? A:","['sehen', 'ja']",sehen,sehen
"F: Welches Wort hat mehr Buchstaben, ""Anteil"" oder ""nie""? A:","['anteil', 'nie']",anteil,anteil
"Von den Wörtern ""bestens"" und ""sehr"", welches hat mehr Buchstaben? ","['bestens', 'sehr']",bestens,bestens
"F: Welches Wort ist länger, ""rot"" oder ""erzählt""? A:","['rot', 'erzählt']",erzählt,rot
"Von den Wörtern ""dabei"" und ""Bedeutung"", welches hat mehr Buchstaben? ","['dabei', 'bedeutung']",bedeutung,bedeutung
"Von den Wörtern ""Abschied"" und ""daher"", welches hat mehr Buchstaben? ","['abschied', 'daher']",abschied,abschied
"F: Welches Wort ist länger, ""all"" oder ""gezeigt""? A:","['all', 'gezeigt']",gezeigt,all
"F: Welches Wort hat mehr Buchstaben, ""beenden"" oder ""am""? A:","['beenden', 'am']",beenden,am
"F: Welches Wort ist länger, ""wertlos"" oder ""weg""? A:","['wertlos', 'weg']",wertlos,wertlos
"F: Welches Wort ist länger, ""gedanke"" oder ""der""? A:","['gedanke', 'der']",gedanke,gedanke
"F: Welches Wort ist länger, ""namenlos"" oder ""ehe""? A:","['namenlos', 'ehe']",namenlos,namenlos
"F: Welches Wort hat mehr Buchstaben, ""besser"" oder ""mit""? A:","['besser', 'mit']",besser,besser
"Von den Wörtern ""daher"" und ""Polarität"", welches hat mehr Buchstaben? ","['daher', 'polarität']",polarität,daher
"F: Welches Wort hat mehr Buchstaben, ""tragen"" oder ""ja""? A:","['tragen', 'ja']",tragen,tragen
"F: Welches Wort hat mehr Buchstaben, ""tragen"" oder ""man""? A:","['tragen', 'man']",tragen,tragen
"Von den Wörtern ""beweise"" und ""lang"", welches hat mehr Buchstaben? ","['beweise', 'lang']",beweise,beweise
"F: Welches Wort hat mehr Buchstaben, ""gewinnt"" oder ""an""? A:","['gewinnt', 'an']",gewinnt,an
"F: Welches Wort hat mehr Buchstaben, ""ungerne"" oder ""am""? A:","['ungerne', 'am']",ungerne,am
"F: Welches Wort ist länger, ""ehe"" oder ""ungerne""? A:","['ehe', 'ungerne']",ungerne,ungerne
"F: Welches Wort hat mehr Buchstaben, ""ab"" oder ""Gebiss""? A:","['ab', 'gebiss']",gebiss,ab
"F: Welches Wort hat mehr Buchstaben, ""mulmig"" oder ""es""? A:","['mulmig', 'es']",mulmig,es
"F: Welches Wort hat mehr Buchstaben, ""gespürt"" oder ""zu""? A:","['gespürt', 'zu']",gespürt,gespürt
"F: Welches Wort hat mehr Buchstaben, ""nichts"" oder ""ich""? A:","['nichts', 'ich']",nichts,nichts
"F: Welches Wort ist länger, ""zwischen"" oder ""aus""? A:","['zwischen', 'aus']",zwischen,aus
"F: Welches Wort ist länger, ""mit"" oder ""zwischen""? A:","['mit', 'zwischen']",zwischen,zwischen
"Von den Wörtern ""heut"" und ""namenlos"", welches hat mehr Buchstaben? ","['heut', 'namenlos']",namenlos,heut
"F: Welches Wort hat mehr Buchstaben, ""am"" oder ""fragen""? A:","['am', 'fragen']",fragen,am
"Von den Wörtern ""Abschied"" und ""sowie"", welches hat mehr Buchstaben? ","['abschied', 'sowie']",abschied,abschied
"F: Welches Wort ist länger, ""wirklich"" oder ""all""? A:","['wirklich', 'all']",wirklich,all
"F: Welches Wort ist länger, ""ein"" oder ""darüber""? A:","['ein', 'darüber']",darüber,darüber
"Von den Wörtern ""brüllen"" und ""viel"", welches hat mehr Buchstaben? ","['brüllen', 'viel']",brüllen,brüllen
"F: Welches Wort hat mehr Buchstaben, ""ab"" oder ""fragen""? A:","['ab', 'fragen']",fragen,ab
"Von den Wörtern ""erst"" und ""versucht"", welches hat mehr Buchstaben? ","['erst', 'versucht']",versucht,erst
"F: Welches Wort hat mehr Buchstaben, ""du"" oder ""Gebiss""? A:","['du', 'gebiss']",gebiss,du
"Von den Wörtern ""Verlusten"" und ""dabei"", welches hat mehr Buchstaben? ","['verlusten', 'dabei']",verlusten,dabei
"F: Welches Wort ist länger, ""rot"" oder ""anderen""? A:","['rot', 'anderen']",anderen,anderen
"F: Welches Wort hat mehr Buchstaben, ""wissen"" oder ""man""? A:","['wissen', 'man']",wissen,man
"Von den Wörtern ""waren"" und ""bedeutet"", welches hat mehr Buchstaben? ","['waren', 'bedeutet']",bedeutet,bedeutet
"F: Welches Wort ist länger, ""der"" oder ""wertlos""? A:","['der', 'wertlos']",wertlos,der
"F: Welches Wort hat mehr Buchstaben, ""tragen"" oder ""ist""? A:","['tragen', 'ist']",tragen,tragen
"F: Welches Wort hat mehr Buchstaben, ""die"" oder ""laufen""? A:","['die', 'laufen']",laufen,die
"F: Welches Wort hat mehr Buchstaben, ""weg"" oder ""sehen ""? A:","['weg', 'sehen']",sehen,sehen
"F: Welches Wort hat mehr Buchstaben, ""fragen"" oder ""um""? A:","['fragen', 'um']",fragen,fragen
"F: Welches Wort hat mehr Buchstaben, ""wissen"" oder ""im""? A:","['wissen', 'im']",wissen,wissen
"F: Welches Wort ist länger, ""einfach"" oder ""aus""? A:","['einfach', 'aus']",einfach,aus
"F: Welches Wort ist länger, ""darüber"" oder ""war""? A:","['darüber', 'war']",darüber,darüber
"F: Welches Wort ist länger, ""tadellos"" oder ""sie""? A:","['tadellos', 'sie']",tadellos,tadellos
"F: Welches Wort ist länger, ""wirklich"" oder ""aus""? A:","['wirklich', 'aus']",wirklich,aus
"F: Welches Wort hat mehr Buchstaben, ""in"" oder ""wertlos""? A:","['in', 'wertlos']",wertlos,wertlos
"F: Welches Wort ist länger, ""nie"" oder ""versucht""? A:","['nie', 'versucht']",versucht,nie
"Von den Wörtern ""allen"" und ""irgendwo"", welches hat mehr Buchstaben? ","['allen', 'irgendwo']",irgendwo,allen
"Von den Wörtern ""ehrenlos"" und ""könnt"", welches hat mehr Buchstaben? ","['ehrenlos', 'könnt']",ehrenlos,könnt
"F: Welches Wort ist länger, ""muss"" oder ""wertlos""? A:","['muss', 'wertlos']",wertlos,muss
"F: Welches Wort hat mehr Buchstaben, ""zu"" oder ""tragen""? A:","['zu', 'tragen']",tragen,tragen
"F: Welches Wort hat mehr Buchstaben, ""sie"" oder ""sehen ""? A:","['sie', 'sehen']",sehen,sehen
"Von den Wörtern ""bekannte"" und ""sind"", welches hat mehr Buchstaben? ","['bekannte', 'sind']",bekannte,bekannte
"Von den Wörtern ""reden"" und ""versucht"", welches hat mehr Buchstaben? ","['reden', 'versucht']",versucht,reden
"Von den Wörtern ""kann"" und ""bedrohen"", welches hat mehr Buchstaben? ","['kann', 'bedrohen']",bedrohen,bedrohen
"Von den Wörtern ""sich"" und ""blamabel"", welches hat mehr Buchstaben? ","['sich', 'blamabel']",blamabel,blamabel
"F: Welches Wort ist länger, ""gewinnt"" oder ""dann""? A:","['gewinnt', 'dann']",gewinnt,dann
"F: Welches Wort ist länger, ""mehr"" oder ""darüber""? A:","['mehr', 'darüber']",darüber,darüber
"F: Welches Wort hat mehr Buchstaben, ""aus"" oder ""jemand""? A:","['aus', 'jemand']",jemand,aus
"F: Welches Wort ist länger, ""mehr"" oder ""erzählt""? A:","['mehr', 'erzählt']",erzählt,erzählt
"Von den Wörtern ""bald"" und ""wertlos"", welches hat mehr Buchstaben? ","['bald', 'wertlos']",wertlos,bald
"F: Welches Wort hat mehr Buchstaben, ""er"" oder ""tragen""? A:","['er', 'tragen']",tragen,er
"Von den Wörtern ""diese"" und ""offensiv"", welches hat mehr Buchstaben? ","['diese', 'offensiv']",offensiv,diese
"F: Welches Wort ist länger, ""darüber"" oder ""nie""? A:","['darüber', 'nie']",darüber,nie
"Von den Wörtern ""viel"" und ""Abschied"", welches hat mehr Buchstaben? ","['viel', 'abschied']",abschied,abschied
"Von den Wörtern ""Verlusten"" und ""unter"", welches hat mehr Buchstaben? ","['verlusten', 'unter']",verlusten,verlusten
"F: Welches Wort hat mehr Buchstaben, ""an"" oder ""wertlos""? A:","['an', 'wertlos']",wertlos,an
"F: Welches Wort ist länger, ""war"" oder ""wertlos""? A:","['war', 'wertlos']",wertlos,wertlos
"Von den Wörtern ""wirklich"" und ""erst"", welches hat mehr Buchstaben? ","['wirklich', 'erst']",wirklich,erst
"F: Welches Wort ist länger, ""war"" oder ""lebende""? A:","['war', 'lebende']",lebende,lebende
"F: Welches Wort ist länger, ""erzählt"" oder ""auch""? A:","['erzählt', 'auch']",erzählt,auch
"F: Welches Wort hat mehr Buchstaben, ""beenden"" oder ""er""? A:","['beenden', 'er']",beenden,er
"Von den Wörtern ""zwischen"" und ""dabei"", welches hat mehr Buchstaben? ","['zwischen', 'dabei']",zwischen,dabei
"Von den Wörtern ""offensiv"" und ""will"", welches hat mehr Buchstaben? ","['offensiv', 'will']",offensiv,will
"F: Welches Wort hat mehr Buchstaben, ""so"" oder ""nichts""? A:","['so', 'nichts']",nichts,nichts
"F: Welches Wort ist länger, ""rot"" oder ""tadellos""? A:","['rot', 'tadellos']",tadellos,rot
"Von den Wörtern ""variabel"" und ""noch"", welches hat mehr Buchstaben? ","['variabel', 'noch']",variabel,variabel
"F: Welches Wort hat mehr Buchstaben, ""Bagger"" oder ""im""? A:","['bagger', 'im']",bagger,bagger
"F: Welches Wort hat mehr Buchstaben, ""sie"" oder ""nichts""? A:","['sie', 'nichts']",nichts,nichts
"F: Welches Wort ist länger, ""verloren"" oder ""all""? A:","['verloren', 'all']",verloren,all
"F: Welches Wort ist länger, ""brüllen"" oder ""all""? A:","['brüllen', 'all']",brüllen,all
"F: Welches Wort hat mehr Buchstaben, ""war"" oder ""meinen""? A:","['war', 'meinen']",meinen,meinen
"F: Welches Wort ist länger, ""hier"" oder ""gedanke""? A:","['hier', 'gedanke']",gedanke,gedanke
"F: Welches Wort hat mehr Buchstaben, ""brüllen"" oder ""an""? A:","['brüllen', 'an']",brüllen,an
"F: Welches Wort hat mehr Buchstaben, ""wissen"" oder ""zu""? A:","['wissen', 'zu']",wissen,wissen
"F: Welches Wort ist länger, ""war"" oder ""entsteht""? A:","['war', 'entsteht']",entsteht,entsteht
"Von den Wörtern ""Obduktion"" und ""reden"", welches hat mehr Buchstaben? ","['obduktion', 'reden']",obduktion,reden
"F: Welches Wort hat mehr Buchstaben, ""gezeigt"" oder ""ob""? A:","['gezeigt', 'ob']",gezeigt,gezeigt
"Von den Wörtern ""nicht"" und ""Kehlköpfe"", welches hat mehr Buchstaben? ","['nicht', 'kehlköpfe']",kehlköpfe,nicht
"Von den Wörtern ""gedanke"" und ""erst"", welches hat mehr Buchstaben? ","['gedanke', 'erst']",gedanke,erst
"F: Welches Wort hat mehr Buchstaben, ""einfach"" oder ""ob""? A:","['einfach', 'ob']",einfach,einfach
"Von den Wörtern ""sich"" und ""tüfteln"", welches hat mehr Buchstaben? ","['sich', 'tüfteln']",tüfteln,tüfteln
"F: Welches Wort hat mehr Buchstaben, ""mulmig"" oder ""am""? A:","['mulmig', 'am']",mulmig,am
"F: Welches Wort hat mehr Buchstaben, ""abholen"" oder ""an""? A:","['abholen', 'an']",abholen,an
"F: Welches Wort ist länger, ""war"" oder ""tüfteln""? A:","['war', 'tüfteln']",tüfteln,tüfteln
"F: Welches Wort ist länger, ""sind"" oder ""wertlos""? A:","['sind', 'wertlos']",wertlos,wertlos
"Von den Wörtern ""daran"" und ""gasförmig"", welches hat mehr Buchstaben? ","['daran', 'gasförmig']",gasförmig,daran
"F: Welches Wort ist länger, ""nie"" oder ""beenden""? A:","['nie', 'beenden']",beenden,beenden
"F: Welches Wort hat mehr Buchstaben, ""mit"" oder ""folgen""? A:","['mit', 'folgen']",folgen,folgen
"F: Welches Wort ist länger, ""auch"" oder ""darüber""? A:","['auch', 'darüber']",darüber,auch
"F: Welches Wort ist länger, ""erzählt"" oder ""aus""? A:","['erzählt', 'aus']",erzählt,erzählt
"Von den Wörtern ""bedeutet"" und ""noch"", welches hat mehr Buchstaben? ","['bedeutet', 'noch']",bedeutet,bedeutet
"F: Welches Wort ist länger, ""brüllen"" oder ""zeit""? A:","['brüllen', 'zeit']",brüllen,brüllen
"F: Welches Wort hat mehr Buchstaben, ""einmal"" oder ""nun""? A:","['einmal', 'nun']",einmal,nun
"F: Welches Wort hat mehr Buchstaben, ""man"" oder ""Anteil""? A:","['man', 'anteil']",anteil,anteil
"F: Welches Wort hat mehr Buchstaben, ""laufen"" oder ""nie""? A:","['laufen', 'nie']",laufen,nie
"Von den Wörtern ""bald"" und ""tadellos"", welches hat mehr Buchstaben? ","['bald', 'tadellos']",tadellos,bald
"F: Welches Wort ist länger, ""abholen"" oder ""neu""? A:","['abholen', 'neu']",abholen,abholen
"F: Welches Wort ist länger, ""abholen"" oder ""mehr""? A:","['abholen', 'mehr']",abholen,abholen
"F: Welches Wort ist länger, ""nach"" oder ""ungerne""? A:","['nach', 'ungerne']",ungerne,nach
"F: Welches Wort hat mehr Buchstaben, ""nie"" oder ""graben""? A:","['nie', 'graben']",graben,nie
"F: Welches Wort hat mehr Buchstaben, ""du"" oder ""beenden""? A:","['du', 'beenden']",beenden,beenden
"F: Welches Wort hat mehr Buchstaben, ""ab"" oder ""sollen""? A:","['ab', 'sollen']",sollen,ab
"F: Welches Wort ist länger, ""gewinnt"" oder ""auch""? A:","['gewinnt', 'auch']",gewinnt,auch
"F: Welches Wort ist länger, ""das"" oder ""beweise""? A:","['das', 'beweise']",beweise,beweise
"Von den Wörtern ""wirklich"" und ""hier"", welches hat mehr Buchstaben? ","['wirklich', 'hier']",wirklich,hier
"Von den Wörtern ""geborene"" und ""diese"", welches hat mehr Buchstaben? ","['geborene', 'diese']",geborene,diese
"F: Welches Wort ist länger, ""pulvrig"" oder ""war""? A:","['pulvrig', 'war']",pulvrig,pulvrig
"Von den Wörtern ""sind"" und ""tadellos"", welches hat mehr Buchstaben? ","['sind', 'tadellos']",tadellos,tadellos
"Von den Wörtern ""verlieren"" und ""diese"", welches hat mehr Buchstaben? ","['verlieren', 'diese']",verlieren,diese
"Von den Wörtern ""mehr"" und ""Abschied"", welches hat mehr Buchstaben? ","['mehr', 'abschied']",abschied,abschied
"F: Welches Wort hat mehr Buchstaben, ""du"" oder ""darüber""? A:","['du', 'darüber']",darüber,du
"Von den Wörtern ""bedrohen"" und ""auch"", welches hat mehr Buchstaben? ","['bedrohen', 'auch']",bedrohen,auch
"Von den Wörtern ""bald"" und ""bedeutet"", welches hat mehr Buchstaben? ","['bald', 'bedeutet']",bedeutet,bald
"Von den Wörtern ""bald"" und ""tüfteln"", welches hat mehr Buchstaben? ","['bald', 'tüfteln']",tüfteln,bald
"F: Welches Wort hat mehr Buchstaben, ""um"" oder ""tragen""? A:","['um', 'tragen']",tragen,tragen
"F: Welches Wort ist länger, ""erzählt"" oder ""dann""? A:","['erzählt', 'dann']",erzählt,erzählt
"Von den Wörtern ""verstehen"" und ""allen"", welches hat mehr Buchstaben? ","['verstehen', 'allen']",verstehen,allen
"F: Welches Wort hat mehr Buchstaben, ""neu"" oder ""Gebiss""? A:","['neu', 'gebiss']",gebiss,gebiss
"Von den Wörtern ""auch"" und ""versucht"", welches hat mehr Buchstaben? ","['auch', 'versucht']",versucht,auch
"F: Welches Wort hat mehr Buchstaben, ""abholen"" oder ""es""? A:","['abholen', 'es']",abholen,abholen
"F: Welches Wort ist länger, ""kann"" oder ""beenden""? A:","['kann', 'beenden']",beenden,kann
"F: Welches Wort hat mehr Buchstaben, ""sehen "" oder ""so""? A:","['sehen', 'so']",sehen,sehen
"Von den Wörtern ""geborene"" und ""würde"", welches hat mehr Buchstaben? ","['geborene', 'würde']",geborene,geborene
"F: Welches Wort ist länger, ""blamabel"" oder ""weg""? A:","['blamabel', 'weg']",blamabel,blamabel
"Von den Wörtern ""könnt"" und ""offensiv"", welches hat mehr Buchstaben? ","['könnt', 'offensiv']",offensiv,offensiv
"F: Welches Wort ist länger, ""los"" oder ""Beispiel""? A:","['los', 'beispiel']",beispiel,beispiel
"F: Welches Wort ist länger, ""wenn"" oder ""wertlos""? A:","['wenn', 'wertlos']",wertlos,wertlos
"F: Welches Wort hat mehr Buchstaben, ""meinen"" oder ""in""? A:","['meinen', 'in']",meinen,in
"F: Welches Wort hat mehr Buchstaben, ""ja"" oder ""einfach""? A:","['ja', 'einfach']",einfach,einfach
"F: Welches Wort ist länger, ""neu"" oder ""bekannte""? A:","['neu', 'bekannte']",bekannte,bekannte
"F: Welches Wort ist länger, ""rot"" oder ""beweise""? A:","['rot', 'beweise']",beweise,rot
"F: Welches Wort hat mehr Buchstaben, ""es"" oder ""besser""? A:","['es', 'besser']",besser,besser
"Von den Wörtern ""unter"" und ""geborene"", welches hat mehr Buchstaben? ","['unter', 'geborene']",geborene,unter
"Von den Wörtern ""will"" und ""blamabel"", welches hat mehr Buchstaben? ","['will', 'blamabel']",blamabel,blamabel
"F: Welches Wort hat mehr Buchstaben, ""in"" oder ""tüfteln""? A:","['in', 'tüfteln']",tüfteln,tüfteln
"Von den Wörtern ""unter"" und ""Machtwort"", welches hat mehr Buchstaben? ","['unter', 'machtwort']",machtwort,unter
"Von den Wörtern ""daran"" und ""offensiv"", welches hat mehr Buchstaben? ","['daran', 'offensiv']",offensiv,daran
"F: Welches Wort ist länger, ""ehrenlos"" oder ""ist""? A:","['ehrenlos', 'ist']",ehrenlos,ehrenlos
"F: Welches Wort hat mehr Buchstaben, ""graben"" oder ""mit""? A:","['graben', 'mit']",graben,graben
"Von den Wörtern ""könnt"" und ""blamabel"", welches hat mehr Buchstaben? ","['könnt', 'blamabel']",blamabel,könnt
"F: Welches Wort ist länger, ""brüllen"" oder ""aus""? A:","['brüllen', 'aus']",brüllen,aus
"Von den Wörtern ""Abschied"" und ""dann"", welches hat mehr Buchstaben? ","['abschied', 'dann']",abschied,abschied
"F: Welches Wort ist länger, ""noch"" oder ""gespürt""? A:","['noch', 'gespürt']",gespürt,gespürt
"F: Welches Wort hat mehr Buchstaben, ""um"" oder ""einfach""? A:","['um', 'einfach']",einfach,um
"F: Welches Wort ist länger, ""neu"" oder ""bedrohen""? A:","['neu', 'bedrohen']",bedrohen,bedrohen
"F: Welches Wort hat mehr Buchstaben, ""so"" oder ""bestens""? A:","['so', 'bestens']",bestens,bestens
"Von den Wörtern ""waren"" und ""namenlos"", welches hat mehr Buchstaben? ","['waren', 'namenlos']",namenlos,waren
"F: Welches Wort ist länger, ""dann"" oder ""anderen""? A:","['dann', 'anderen']",anderen,anderen
"Von den Wörtern ""Beweglich"" und ""daher"", welches hat mehr Buchstaben? ","['beweglich', 'daher']",beweglich,beweglich
"F: Welches Wort hat mehr Buchstaben, ""graben"" oder ""da""? A:","['graben', 'da']",graben,graben
"F: Welches Wort hat mehr Buchstaben, ""jemand"" oder ""so""? A:","['jemand', 'so']",jemand,jemand
"F: Welches Wort hat mehr Buchstaben, ""Bagger"" oder ""ab""? A:","['bagger', 'ab']",bagger,ab
"Von den Wörtern ""muss"" und ""zwischen"", welches hat mehr Buchstaben? ","['muss', 'zwischen']",zwischen,zwischen
"F: Welches Wort ist länger, ""die"" oder ""Abschied""? A:","['die', 'abschied']",abschied,abschied
"F: Welches Wort ist länger, ""nie"" oder ""zwischen""? A:","['nie', 'zwischen']",zwischen,nie
"F: Welches Wort hat mehr Buchstaben, ""völlig"" oder ""ich""? A:","['völlig', 'ich']",völlig,ich
"F: Welches Wort ist länger, ""und"" oder ""abholen""? A:","['und', 'abholen']",abholen,abholen
"F: Welches Wort ist länger, ""hier"" oder ""gezeigt""? A:","['hier', 'gezeigt']",gezeigt,gezeigt
"F: Welches Wort hat mehr Buchstaben, ""ungerne"" oder ""ab""? A:","['ungerne', 'ab']",ungerne,ab
"F: Welches Wort ist länger, ""die"" oder ""mehrere""? A:","['die', 'mehrere']",mehrere,die
"Von den Wörtern ""verloren"" und ""daher"", welches hat mehr Buchstaben? ","['verloren', 'daher']",verloren,verloren
"F: Welches Wort hat mehr Buchstaben, ""es"" oder ""pulvrig""? A:","['es', 'pulvrig']",pulvrig,es
"Von den Wörtern ""zwischen"" und ""diese"", welches hat mehr Buchstaben? ","['zwischen', 'diese']",zwischen,diese
"F: Welches Wort hat mehr Buchstaben, ""weg"" oder ""graben""? A:","['weg', 'graben']",graben,graben
"F: Welches Wort hat mehr Buchstaben, ""um"" oder ""besser""? A:","['um', 'besser']",besser,besser
"F: Welches Wort ist länger, ""all"" oder ""gewinnt""? A:","['all', 'gewinnt']",gewinnt,all
"F: Welches Wort ist länger, ""tüfteln"" oder ""zeit""? A:","['tüfteln', 'zeit']",tüfteln,tüfteln
"F: Welches Wort hat mehr Buchstaben, ""ob"" oder ""analog""? A:","['ob', 'analog']",analog,analog
"Von den Wörtern ""waren"" und ""entsteht"", welches hat mehr Buchstaben? ","['waren', 'entsteht']",entsteht,waren
"F: Welches Wort ist länger, ""lebende"" oder ""sind""? A:","['lebende', 'sind']",lebende,lebende
"F: Welches Wort ist länger, ""gewinnt"" oder ""rot""? A:","['gewinnt', 'rot']",gewinnt,rot
"Von den Wörtern ""brüllen"" und ""lang"", welches hat mehr Buchstaben? ","['brüllen', 'lang']",brüllen,brüllen
"Von den Wörtern ""gespürt"" und ""lang"", welches hat mehr Buchstaben? ","['gespürt', 'lang']",gespürt,gespürt
"F: Welches Wort hat mehr Buchstaben, ""mehrere"" oder ""ja""? A:","['mehrere', 'ja']",mehrere,ja
"Von den Wörtern ""nach"" und ""bekannte"", welches hat mehr Buchstaben? ","['nach', 'bekannte']",bekannte,bekannte
"Von den Wörtern ""gespürt"" und ""sehr"", welches hat mehr Buchstaben? ","['gespürt', 'sehr']",gespürt,sehr
"F: Welches Wort ist länger, ""los"" oder ""bedrohen""? A:","['los', 'bedrohen']",bedrohen,bedrohen
"F: Welches Wort ist länger, ""war"" oder ""bestens""? A:","['war', 'bestens']",bestens,bestens
"Von den Wörtern ""sich"" und ""bestens"", welches hat mehr Buchstaben? ","['sich', 'bestens']",bestens,bestens
"F: Welches Wort hat mehr Buchstaben, ""fragen"" oder ""aus""? A:","['fragen', 'aus']",fragen,aus
"F: Welches Wort hat mehr Buchstaben, ""laufen"" oder ""es""? A:","['laufen', 'es']",laufen,es
"F: Welches Wort hat mehr Buchstaben, ""an"" oder ""einmal""? A:","['an', 'einmal']",einmal,an
"F: Welches Wort hat mehr Buchstaben, ""abholen"" oder ""er""? A:","['abholen', 'er']",abholen,er
"F: Welches Wort ist länger, ""nach"" oder ""beweise""? A:","['nach', 'beweise']",beweise,beweise
"Von den Wörtern ""irgendwo"" und ""mehr"", welches hat mehr Buchstaben? ","['irgendwo', 'mehr']",irgendwo,irgendwo
"F: Welches Wort ist länger, ""wertlos"" oder ""nie""? A:","['wertlos', 'nie']",wertlos,nie
"F: Welches Wort ist länger, ""offensiv"" oder ""man""? A:","['offensiv', 'man']",offensiv,offensiv
"F: Welches Wort hat mehr Buchstaben, ""völlig"" oder ""man""? A:","['völlig', 'man']",völlig,man
"Von den Wörtern ""reden"" und ""Polarität"", welches hat mehr Buchstaben? ","['reden', 'polarität']",polarität,reden
"F: Welches Wort ist länger, ""ehrenlos"" oder ""die""? A:","['ehrenlos', 'die']",ehrenlos,die
"F: Welches Wort hat mehr Buchstaben, ""so"" oder ""solches""? A:","['so', 'solches']",solches,so
"F: Welches Wort hat mehr Buchstaben, ""folgen"" oder ""er""? A:","['folgen', 'er']",folgen,er
"Von den Wörtern ""dann"" und ""blamabel"", welches hat mehr Buchstaben? ","['dann', 'blamabel']",blamabel,blamabel
"F: Welches Wort ist länger, ""gedanke"" oder ""die""? A:","['gedanke', 'die']",gedanke,gedanke
"F: Welches Wort hat mehr Buchstaben, ""zu"" oder ""besser""? A:","['zu', 'besser']",besser,besser
"F: Welches Wort ist länger, ""und"" oder ""versucht""? A:","['und', 'versucht']",versucht,und
"F: Welches Wort ist länger, ""mehr"" oder ""brüllen""? A:","['mehr', 'brüllen']",brüllen,brüllen
"Von den Wörtern ""wurde"" und ""wirklich"", welches hat mehr Buchstaben? ","['wurde', 'wirklich']",wirklich,wurde
"F: Welches Wort hat mehr Buchstaben, ""Anteil"" oder ""um""? A:","['anteil', 'um']",anteil,anteil
"F: Welches Wort hat mehr Buchstaben, ""jemand"" oder ""die""? A:","['jemand', 'die']",jemand,die
"F: Welches Wort ist länger, ""beweise"" oder ""und""? A:","['beweise', 'und']",beweise,beweise
"F: Welches Wort hat mehr Buchstaben, ""ja"" oder ""pulvrig""? A:","['ja', 'pulvrig']",pulvrig,pulvrig
"F: Welches Wort ist länger, ""rot"" oder ""geborene""? A:","['rot', 'geborene']",geborene,geborene
"Von den Wörtern ""bedrohen"" und ""haben"", welches hat mehr Buchstaben? ","['bedrohen', 'haben']",bedrohen,bedrohen
"F: Welches Wort hat mehr Buchstaben, ""jemand"" oder ""war""? A:","['jemand', 'war']",jemand,jemand
"Von den Wörtern ""viel"" und ""versucht"", welches hat mehr Buchstaben? ","['viel', 'versucht']",versucht,viel
"F: Welches Wort hat mehr Buchstaben, ""all"" oder ""denken""? A:","['all', 'denken']",denken,all
"Von den Wörtern ""ganz"" und ""darüber"", welches hat mehr Buchstaben? ","['ganz', 'darüber']",darüber,darüber
"F: Welches Wort ist länger, ""kann"" oder ""solches""? A:","['kann', 'solches']",solches,kann
"F: Welches Wort hat mehr Buchstaben, ""meinen"" oder ""er""? A:","['meinen', 'er']",meinen,er
"F: Welches Wort hat mehr Buchstaben, ""du"" oder ""bestens""? A:","['du', 'bestens']",bestens,bestens
"F: Welches Wort ist länger, ""abholen"" oder ""man""? A:","['abholen', 'man']",abholen,abholen
"F: Welches Wort hat mehr Buchstaben, ""gezeigt"" oder ""ab""? A:","['gezeigt', 'ab']",gezeigt,ab
"F: Welches Wort hat mehr Buchstaben, ""nun"" oder ""folgen""? A:","['nun', 'folgen']",folgen,nun
"Von den Wörtern ""sowie"" und ""geborene"", welches hat mehr Buchstaben? ","['sowie', 'geborene']",geborene,geborene
"F: Welches Wort ist länger, ""ein"" oder ""beweise""? A:","['ein', 'beweise']",beweise,beweise
"F: Welches Wort ist länger, ""anderen"" oder ""ehe""? A:","['anderen', 'ehe']",anderen,anderen
"F: Welches Wort hat mehr Buchstaben, ""sollen"" oder ""so""? A:","['sollen', 'so']",sollen,so
"F: Welches Wort ist länger, ""sie"" oder ""abholen""? A:","['sie', 'abholen']",abholen,abholen
"Von den Wörtern ""daran"" und ""Beispiel"", welches hat mehr Buchstaben? ","['daran', 'beispiel']",beispiel,beispiel
"Von den Wörtern ""Obduktion"" und ""daher"", welches hat mehr Buchstaben? ","['obduktion', 'daher']",obduktion,daher
"F: Welches Wort ist länger, ""bestens"" oder ""hier""? A:","['bestens', 'hier']",bestens,bestens
"Von den Wörtern ""waren"" und ""irgendwo"", welches hat mehr Buchstaben? ","['waren', 'irgendwo']",irgendwo,waren
"Von den Wörtern ""viel"" und ""solches"", welches hat mehr Buchstaben? ","['viel', 'solches']",solches,viel
"Von den Wörtern ""auch"" und ""namenlos"", welches hat mehr Buchstaben? ","['auch', 'namenlos']",namenlos,auch
"F: Welches Wort ist länger, ""man"" oder ""ehrenlos""? A:","['man', 'ehrenlos']",ehrenlos,man
"F: Welches Wort ist länger, ""Beispiel"" oder ""ehe""? A:","['beispiel', 'ehe']",beispiel,beispiel
"F: Welches Wort hat mehr Buchstaben, ""so"" oder ""wissen""? A:","['so', 'wissen']",wissen,so
"F: Welches Wort ist länger, ""ungerne"" oder ""ein""? A:","['ungerne', 'ein']",ungerne,ungerne
"F: Welches Wort hat mehr Buchstaben, ""Bagger"" oder ""die""? A:","['bagger', 'die']",bagger,bagger
"Von den Wörtern ""ehrenlos"" und ""nach"", welches hat mehr Buchstaben? ","['ehrenlos', 'nach']",ehrenlos,nach
"Von den Wörtern ""diese"" und ""Abschied"", welches hat mehr Buchstaben? ","['diese', 'abschied']",abschied,abschied
"Von den Wörtern ""zwischen"" und ""allen"", welches hat mehr Buchstaben? ","['zwischen', 'allen']",zwischen,allen
"Von den Wörtern ""Obduktion"" und ""haben"", welches hat mehr Buchstaben? ","['obduktion', 'haben']",obduktion,obduktion
"F: Welches Wort hat mehr Buchstaben, ""anderen"" oder ""ab""? A:","['anderen', 'ab']",anderen,anderen
"F: Welches Wort ist länger, ""hier"" oder ""mehrere""? A:","['hier', 'mehrere']",mehrere,mehrere
"F: Welches Wort ist länger, ""das"" oder ""solches""? A:","['das', 'solches']",solches,solches
"Von den Wörtern ""Beispiel"" und ""kann"", welches hat mehr Buchstaben? ","['beispiel', 'kann']",beispiel,beispiel
"F: Welches Wort hat mehr Buchstaben, ""gespürt"" oder ""in""? A:","['gespürt', 'in']",gespürt,gespürt
"F: Welches Wort ist länger, ""sie"" oder ""bestens""? A:","['sie', 'bestens']",bestens,bestens
"F: Welches Wort ist länger, ""sie"" oder ""gezeigt""? A:","['sie', 'gezeigt']",gezeigt,gezeigt
"Von den Wörtern ""gasförmig"" und ""allen"", welches hat mehr Buchstaben? ","['gasförmig', 'allen']",gasförmig,allen
"F: Welches Wort ist länger, ""ist"" oder ""bestens""? A:","['ist', 'bestens']",bestens,ist
"F: Welches Wort hat mehr Buchstaben, ""einmal"" oder ""los""? A:","['einmal', 'los']",einmal,einmal
"F: Welches Wort hat mehr Buchstaben, ""du"" oder ""meinen""? A:","['du', 'meinen']",meinen,du
"F: Welches Wort ist länger, ""entsteht"" oder ""mit""? A:","['entsteht', 'mit']",entsteht,entsteht
"F: Welches Wort hat mehr Buchstaben, ""folgen"" oder ""rot""? A:","['folgen', 'rot']",folgen,rot
"F: Welches Wort hat mehr Buchstaben, ""so"" oder ""brüllen""? A:","['so', 'brüllen']",brüllen,brüllen
"F: Welches Wort hat mehr Buchstaben, ""tragen"" oder ""weg""? A:","['tragen', 'weg']",tragen,tragen
"F: Welches Wort hat mehr Buchstaben, ""ungerne"" oder ""der""? A:","['ungerne', 'der']",ungerne,der
"F: Welches Wort ist länger, ""will"" oder ""beweise""? A:","['will', 'beweise']",beweise,beweise
"F: Welches Wort hat mehr Buchstaben, ""wissen"" oder ""an""? A:","['wissen', 'an']",wissen,an
"Von den Wörtern ""dabei"" und ""effizient"", welches hat mehr Buchstaben? ","['dabei', 'effizient']",effizient,dabei
"F: Welches Wort hat mehr Buchstaben, ""bestens"" oder ""er""? A:","['bestens', 'er']",bestens,er
"F: Welches Wort hat mehr Buchstaben, ""ob"" oder ""brüllen""? A:","['ob', 'brüllen']",brüllen,brüllen
"Von den Wörtern ""bedrohen"" und ""könnt"", welches hat mehr Buchstaben? ","['bedrohen', 'könnt']",bedrohen,bedrohen
"Von den Wörtern ""würde"" und ""tadellos"", welches hat mehr Buchstaben? ","['würde', 'tadellos']",tadellos,tadellos
"F: Welches Wort ist länger, ""neu"" oder ""gespürt""? A:","['neu', 'gespürt']",gespürt,gespürt
"F: Welches Wort ist länger, ""aus"" oder ""versucht""? A:","['aus', 'versucht']",versucht,aus
"F: Welches Wort ist länger, ""lebende"" oder ""muss""? A:","['lebende', 'muss']",lebende,lebende
"Von den Wörtern ""lang"" und ""namenlos"", welches hat mehr Buchstaben? ","['lang', 'namenlos']",namenlos,lang
"F: Welches Wort hat mehr Buchstaben, ""aus"" oder ""Bagger""? A:","['aus', 'bagger']",bagger,aus
"Von den Wörtern ""geborene"" und ""dabei"", welches hat mehr Buchstaben? ","['geborene', 'dabei']",geborene,dabei
"Von den Wörtern ""Beispiel"" und ""haben"", welches hat mehr Buchstaben? ","['beispiel', 'haben']",beispiel,beispiel
"F: Welches Wort hat mehr Buchstaben, ""gewinnt"" oder ""da""? A:","['gewinnt', 'da']",gewinnt,da
"F: Welches Wort hat mehr Buchstaben, ""er"" oder ""gespürt""? A:","['er', 'gespürt']",gespürt,er
"F: Welches Wort ist länger, ""ich"" oder ""brüllen""? A:","['ich', 'brüllen']",brüllen,brüllen
"F: Welches Wort hat mehr Buchstaben, ""jemand"" oder ""es""? A:","['jemand', 'es']",jemand,es
"F: Welches Wort ist länger, ""bekannte"" oder ""ich""? A:","['bekannte', 'ich']",bekannte,bekannte
"Von den Wörtern ""daran"" und ""verloren"", welches hat mehr Buchstaben? ","['daran', 'verloren']",verloren,daran
"F: Welches Wort hat mehr Buchstaben, ""und"" oder ""Gebiss""? A:","['und', 'gebiss']",gebiss,gebiss
"F: Welches Wort ist länger, ""und"" oder ""tadellos""? A:","['und', 'tadellos']",tadellos,tadellos
"F: Welches Wort ist länger, ""man"" oder ""variabel""? A:","['man', 'variabel']",variabel,variabel
"F: Welches Wort ist länger, ""bedrohen"" oder ""man""? A:","['bedrohen', 'man']",bedrohen,bedrohen
"F: Welches Wort hat mehr Buchstaben, ""an"" oder ""beweise""? A:","['an', 'beweise']",beweise,an
"F: Welches Wort hat mehr Buchstaben, ""tüfteln"" oder ""an""? A:","['tüfteln', 'an']",tüfteln,an
"F: Welches Wort ist länger, ""tüfteln"" oder ""neu""? A:","['tüfteln', 'neu']",tüfteln,neu
"F: Welches Wort hat mehr Buchstaben, ""folgen"" oder ""das""? A:","['folgen', 'das']",folgen,das
"Von den Wörtern ""dann"" und ""bedrohen"", welches hat mehr Buchstaben? ","['dann', 'bedrohen']",bedrohen,bedrohen
"F: Welches Wort ist länger, ""ich"" oder ""entsteht""? A:","['ich', 'entsteht']",entsteht,entsteht
"Von den Wörtern ""auch"" und ""zwischen"", welches hat mehr Buchstaben? ","['auch', 'zwischen']",zwischen,auch
"F: Welches Wort hat mehr Buchstaben, ""um"" oder ""bestens""? A:","['um', 'bestens']",bestens,bestens
"Von den Wörtern ""beruflich"" und ""waren"", welches hat mehr Buchstaben? ","['beruflich', 'waren']",beruflich,beruflich
"F: Welches Wort ist länger, ""mehr"" oder ""ungerne""? A:","['mehr', 'ungerne']",ungerne,ungerne
"F: Welches Wort ist länger, ""geborene"" oder ""weg""? A:","['geborene', 'weg']",geborene,geborene
"F: Welches Wort ist länger, ""man"" oder ""solches""? A:","['man', 'solches']",solches,solches
"F: Welches Wort hat mehr Buchstaben, ""mulmig"" oder ""sie""? A:","['mulmig', 'sie']",mulmig,mulmig
"Von den Wörtern ""beenden"" und ""viel"", welches hat mehr Buchstaben? ","['beenden', 'viel']",beenden,beenden
"Von den Wörtern ""lebende"" und ""ganz"", welches hat mehr Buchstaben? ","['lebende', 'ganz']",lebende,lebende
"F: Welches Wort ist länger, ""nun"" oder ""entsteht""? A:","['nun', 'entsteht']",entsteht,nun
"F: Welches Wort ist länger, ""zwischen"" oder ""war""? A:","['zwischen', 'war']",zwischen,war
"F: Welches Wort hat mehr Buchstaben, ""in"" oder ""weinen""? A:","['in', 'weinen']",weinen,weinen
"Von den Wörtern ""sich"" und ""beweise"", welches hat mehr Buchstaben? ","['sich', 'beweise']",beweise,beweise
"Von den Wörtern ""unter"" und ""verloren"", welches hat mehr Buchstaben? ","['unter', 'verloren']",verloren,unter
"Von den Wörtern ""will"" und ""bedrohen"", welches hat mehr Buchstaben? ","['will', 'bedrohen']",bedrohen,bedrohen
"F: Welches Wort hat mehr Buchstaben, ""analog"" oder ""man""? A:","['analog', 'man']",analog,analog
"F: Welches Wort ist länger, ""pulvrig"" oder ""ist""? A:","['pulvrig', 'ist']",pulvrig,pulvrig
"F: Welches Wort ist länger, ""gedanke"" oder ""kann""? A:","['gedanke', 'kann']",gedanke,kann
"F: Welches Wort ist länger, ""beenden"" oder ""ist""? A:","['beenden', 'ist']",beenden,beenden
"F: Welches Wort ist länger, ""gewinnt"" oder ""sie""? A:","['gewinnt', 'sie']",gewinnt,gewinnt
"Von den Wörtern ""daher"" und ""gasförmig"", welches hat mehr Buchstaben? ","['daher', 'gasförmig']",gasförmig,gasförmig
"Von den Wörtern ""sind"" und ""geborene"", welches hat mehr Buchstaben? ","['sind', 'geborene']",geborene,geborene
"F: Welches Wort ist länger, ""rot"" oder ""wertlos""? A:","['rot', 'wertlos']",wertlos,rot
"Von den Wörtern ""sind"" und ""ehrenlos"", welches hat mehr Buchstaben? ","['sind', 'ehrenlos']",ehrenlos,ehrenlos
"F: Welches Wort ist länger, ""der"" oder ""entsteht""? A:","['der', 'entsteht']",entsteht,der
"Von den Wörtern ""diese"" und ""verloren"", welches hat mehr Buchstaben? ","['diese', 'verloren']",verloren,diese
"F: Welches Wort hat mehr Buchstaben, ""bestens"" oder ""im""? A:","['bestens', 'im']",bestens,bestens
"F: Welches Wort ist länger, ""gedanke"" oder ""sie""? A:","['gedanke', 'sie']",gedanke,gedanke
"Von den Wörtern ""Beispiel"" und ""daher"", welches hat mehr Buchstaben? ","['beispiel', 'daher']",beispiel,beispiel
"F: Welches Wort hat mehr Buchstaben, ""ja"" oder ""solches""? A:","['ja', 'solches']",solches,solches
"F: Welches Wort ist länger, ""zwischen"" oder ""ein""? A:","['zwischen', 'ein']",zwischen,ein
"Von den Wörtern ""daran"" und ""zwischen"", welches hat mehr Buchstaben? ","['daran', 'zwischen']",zwischen,daran
"F: Welches Wort hat mehr Buchstaben, ""der"" oder ""völlig""? A:","['der', 'völlig']",völlig,der
"F: Welches Wort ist länger, ""namenlos"" oder ""man""? A:","['namenlos', 'man']",namenlos,namenlos
"F: Welches Wort hat mehr Buchstaben, ""brüllen"" oder ""da""? A:","['brüllen', 'da']",brüllen,brüllen
"F: Welches Wort ist länger, ""einfach"" oder ""das""? A:","['einfach', 'das']",einfach,das
"Von den Wörtern ""entsteht"" und ""viel"", welches hat mehr Buchstaben? ","['entsteht', 'viel']",entsteht,entsteht
"F: Welches Wort hat mehr Buchstaben, ""da"" oder ""Bagger""? A:","['da', 'bagger']",bagger,da
"Von den Wörtern ""ganz"" und ""gedanke"", welches hat mehr Buchstaben? ","['ganz', 'gedanke']",gedanke,gedanke
"Von den Wörtern ""versucht"" und ""daran"", welches hat mehr Buchstaben? ","['versucht', 'daran']",versucht,daran
"F: Welches Wort hat mehr Buchstaben, ""an"" oder ""ungerne""? A:","['an', 'ungerne']",ungerne,an
"Von den Wörtern ""Beispiel"" und ""reden"", welches hat mehr Buchstaben? ","['beispiel', 'reden']",beispiel,beispiel
"F: Welches Wort hat mehr Buchstaben, ""fragen"" oder ""weg""? A:","['fragen', 'weg']",fragen,fragen
"Von den Wörtern ""waren"" und ""Erfahrung"", welches hat mehr Buchstaben? ","['waren', 'erfahrung']",erfahrung,erfahrung
"F: Welches Wort ist länger, ""brüllen"" oder ""los""? A:","['brüllen', 'los']",brüllen,brüllen
"Von den Wörtern ""sowie"" und ""Iteration"", welches hat mehr Buchstaben? ","['sowie', 'iteration']",iteration,iteration
"Von den Wörtern ""zeit"" und ""geborene"", welches hat mehr Buchstaben? ","['zeit', 'geborene']",geborene,geborene
"F: Welches Wort ist länger, ""kann"" oder ""gewinnt""? A:","['kann', 'gewinnt']",gewinnt,kann
"F: Welches Wort hat mehr Buchstaben, ""sie"" oder ""analog""? A:","['sie', 'analog']",analog,analog
"F: Welches Wort hat mehr Buchstaben, ""ich"" oder ""weinen""? A:","['ich', 'weinen']",weinen,ich
"F: Welches Wort hat mehr Buchstaben, ""Gebiss"" oder ""aus""? A:","['gebiss', 'aus']",gebiss,aus
"F: Welches Wort ist länger, ""nach"" oder ""gespürt""? A:","['nach', 'gespürt']",gespürt,gespürt
"F: Welches Wort ist länger, ""los"" oder ""gedanke""? A:","['los', 'gedanke']",gedanke,gedanke
"F: Welches Wort ist länger, ""pulvrig"" oder ""wenn""? A:","['pulvrig', 'wenn']",pulvrig,pulvrig
"Von den Wörtern ""lebende"" und ""heut"", welches hat mehr Buchstaben? ","['lebende', 'heut']",lebende,lebende
"F: Welches Wort hat mehr Buchstaben, ""er"" oder ""tüfteln""? A:","['er', 'tüfteln']",tüfteln,er
"F: Welches Wort hat mehr Buchstaben, ""beweise"" oder ""ja""? A:","['beweise', 'ja']",beweise,ja
"F: Welches Wort ist länger, ""versucht"" oder ""neu""? A:","['versucht', 'neu']",versucht,neu
"F: Welches Wort ist länger, ""noch"" oder ""beenden""? A:","['noch', 'beenden']",beenden,noch
"F: Welches Wort hat mehr Buchstaben, ""sollen"" oder ""es""? A:","['sollen', 'es']",sollen,es
"F: Welches Wort ist länger, ""noch"" oder ""pulvrig""? A:","['noch', 'pulvrig']",pulvrig,noch
"F: Welches Wort ist länger, ""lebende"" oder ""all""? A:","['lebende', 'all']",lebende,all
"F: Welches Wort ist länger, ""ist"" oder ""bedrohen""? A:","['ist', 'bedrohen']",bedrohen,bedrohen
"F: Welches Wort hat mehr Buchstaben, ""fragen"" oder ""im""? A:","['fragen', 'im']",fragen,fragen
"F: Welches Wort ist länger, ""zwischen"" oder ""all""? A:","['zwischen', 'all']",zwischen,all
"F: Welches Wort hat mehr Buchstaben, ""fragen"" oder ""das""? A:","['fragen', 'das']",fragen,das
"Von den Wörtern ""blamabel"" und ""noch"", welches hat mehr Buchstaben? ","['blamabel', 'noch']",blamabel,blamabel
"F: Welches Wort hat mehr Buchstaben, ""weinen"" oder ""ehe""? A:","['weinen', 'ehe']",weinen,weinen
"F: Welches Wort hat mehr Buchstaben, ""aus"" oder ""analog""? A:","['aus', 'analog']",analog,analog
"F: Welches Wort hat mehr Buchstaben, ""am"" oder ""lebende""? A:","['am', 'lebende']",lebende,am
"Von den Wörtern ""ganz"" und ""bekannte"", welches hat mehr Buchstaben? ","['ganz', 'bekannte']",bekannte,bekannte
"F: Welches Wort ist länger, ""irgendwo"" oder ""neu""? A:","['irgendwo', 'neu']",irgendwo,neu
"F: Welches Wort hat mehr Buchstaben, ""ehe"" oder ""tragen""? A:","['ehe', 'tragen']",tragen,tragen
"F: Welches Wort hat mehr Buchstaben, ""die"" oder ""sollen""? A:","['die', 'sollen']",sollen,die
"F: Welches Wort ist länger, ""man"" oder ""ungerne""? A:","['man', 'ungerne']",ungerne,ungerne
"Von den Wörtern ""Abschied"" und ""will"", welches hat mehr Buchstaben? ","['abschied', 'will']",abschied,abschied
"F: Welches Wort ist länger, ""zwischen"" oder ""neu""? A:","['zwischen', 'neu']",zwischen,neu
"F: Welches Wort ist länger, ""mit"" oder ""wertlos""? A:","['mit', 'wertlos']",wertlos,wertlos
"F: Welches Wort ist länger, ""tadellos"" oder ""ist""? A:","['tadellos', 'ist']",tadellos,tadellos
"Von den Wörtern ""viel"" und ""einfach"", welches hat mehr Buchstaben? ","['viel', 'einfach']",einfach,viel
"F: Welches Wort ist länger, ""variabel"" oder ""aus""? A:","['variabel', 'aus']",variabel,aus
"F: Welches Wort hat mehr Buchstaben, ""tüfteln"" oder ""ja""? A:","['tüfteln', 'ja']",tüfteln,tüfteln
"F: Welches Wort hat mehr Buchstaben, ""ja"" oder ""abholen""? A:","['ja', 'abholen']",abholen,abholen
"F: Welches Wort hat mehr Buchstaben, ""los"" oder ""fragen""? A:","['los', 'fragen']",fragen,fragen
"Von den Wörtern ""reden"" und ""gemeinsam"", welches hat mehr Buchstaben? ","['reden', 'gemeinsam']",gemeinsam,reden
"F: Welches Wort hat mehr Buchstaben, ""nichts"" oder ""nun""? A:","['nichts', 'nun']",nichts,nichts
"Von den Wörtern ""verstehen"" und ""reden"", welches hat mehr Buchstaben? ","['verstehen', 'reden']",verstehen,verstehen
"F: Welches Wort ist länger, ""man"" oder ""entsteht""? A:","['man', 'entsteht']",entsteht,entsteht
"Von den Wörtern ""allen"" und ""bedrohen"", welches hat mehr Buchstaben? ","['allen', 'bedrohen']",bedrohen,allen
"Von den Wörtern ""irgendwo"" und ""dabei"", welches hat mehr Buchstaben? ","['irgendwo', 'dabei']",irgendwo,dabei
"F: Welches Wort ist länger, ""verloren"" oder ""mit""? A:","['verloren', 'mit']",verloren,verloren
"F: Welches Wort hat mehr Buchstaben, ""da"" oder ""meinen""? A:","['da', 'meinen']",meinen,da
"Von den Wörtern ""allen"" und ""namenlos"", welches hat mehr Buchstaben? ","['allen', 'namenlos']",namenlos,allen
"F: Welches Wort hat mehr Buchstaben, ""besser"" oder ""all""? A:","['besser', 'all']",besser,all
"Von den Wörtern ""geborene"" und ""noch"", welches hat mehr Buchstaben? ","['geborene', 'noch']",geborene,geborene
"F: Welches Wort ist länger, ""weg"" oder ""wirklich""? A:","['weg', 'wirklich']",wirklich,wirklich
"F: Welches Wort hat mehr Buchstaben, ""am"" oder ""gespürt""? A:","['am', 'gespürt']",gespürt,am
"F: Welches Wort ist länger, ""Beispiel"" oder ""man""? A:","['beispiel', 'man']",beispiel,beispiel
"F: Welches Wort hat mehr Buchstaben, ""in"" oder ""Anteil""? A:","['in', 'anteil']",anteil,anteil
"F: Welches Wort hat mehr Buchstaben, ""ob"" oder ""mehrere""? A:","['ob', 'mehrere']",mehrere,ob
"F: Welches Wort ist länger, ""los"" oder ""beenden""? A:","['los', 'beenden']",beenden,beenden
"F: Welches Wort ist länger, ""neu"" oder ""gedanke""? A:","['neu', 'gedanke']",gedanke,gedanke
"F: Welches Wort hat mehr Buchstaben, ""nichts"" oder ""da""? A:","['nichts', 'da']",nichts,da
"F: Welches Wort ist länger, ""aus"" oder ""blamabel""? A:","['aus', 'blamabel']",blamabel,aus
"F: Welches Wort hat mehr Buchstaben, ""da"" oder ""darüber""? A:","['da', 'darüber']",darüber,darüber
"F: Welches Wort hat mehr Buchstaben, ""weinen"" oder ""ob""? A:","['weinen', 'ob']",weinen,weinen
"Von den Wörtern ""sich"" und ""abholen"", welches hat mehr Buchstaben? ","['sich', 'abholen']",abholen,abholen
"F: Welches Wort ist länger, ""mehrere"" oder ""ehe""? A:","['mehrere', 'ehe']",mehrere,ehe
"F: Welches Wort ist länger, ""erzählt"" oder ""ein""? A:","['erzählt', 'ein']",erzählt,erzählt
"F: Welches Wort hat mehr Buchstaben, ""mit"" oder ""laufen""? A:","['mit', 'laufen']",laufen,mit
"F: Welches Wort hat mehr Buchstaben, ""nie"" oder ""analog""? A:","['nie', 'analog']",analog,analog
"F: Welches Wort hat mehr Buchstaben, ""all"" oder ""Anteil""? A:","['all', 'anteil']",anteil,anteil
"F: Welches Wort hat mehr Buchstaben, ""du"" oder ""anderen""? A:","['du', 'anderen']",anderen,anderen
"F: Welches Wort hat mehr Buchstaben, ""um"" oder ""beweise""? A:","['um', 'beweise']",beweise,beweise
"F: Welches Wort hat mehr Buchstaben, ""ab"" oder ""gedanke""? A:","['ab', 'gedanke']",gedanke,ab
"Von den Wörtern ""viel"" und ""verloren"", welches hat mehr Buchstaben? ","['viel', 'verloren']",verloren,viel
"F: Welches Wort hat mehr Buchstaben, ""mehrere"" oder ""zu""? A:","['mehrere', 'zu']",mehrere,mehrere
"Von den Wörtern ""nicht"" und ""gemeinsam"", welches hat mehr Buchstaben? ","['nicht', 'gemeinsam']",gemeinsam,nicht
"F: Welches Wort ist länger, ""tüfteln"" oder ""man""? A:","['tüfteln', 'man']",tüfteln,man
"F: Welches Wort ist länger, ""all"" oder ""darüber""? A:","['all', 'darüber']",darüber,all
"F: Welches Wort ist länger, ""aus"" oder ""darüber""? A:","['aus', 'darüber']",darüber,aus
"F: Welches Wort ist länger, ""gespürt"" oder ""war""? A:","['gespürt', 'war']",gespürt,gespürt
"F: Welches Wort ist länger, ""anderen"" oder ""sind""? A:","['anderen', 'sind']",anderen,anderen
"Von den Wörtern ""muss"" und ""irgendwo"", welches hat mehr Buchstaben? ","['muss', 'irgendwo']",irgendwo,muss
"F: Welches Wort hat mehr Buchstaben, ""völlig"" oder ""nie""? A:","['völlig', 'nie']",völlig,nie
"F: Welches Wort hat mehr Buchstaben, ""wissen"" oder ""er""? A:","['wissen', 'er']",wissen,er
"F: Welches Wort ist länger, ""erzählt"" oder ""noch""? A:","['erzählt', 'noch']",erzählt,erzählt
"Von den Wörtern ""entsteht"" und ""auch"", welches hat mehr Buchstaben? ","['entsteht', 'auch']",entsteht,auch
"F: Welches Wort ist länger, ""sie"" oder ""entsteht""? A:","['sie', 'entsteht']",entsteht,entsteht
"Von den Wörtern ""wenn"" und ""versucht"", welches hat mehr Buchstaben? ","['wenn', 'versucht']",versucht,wenn
"F: Welches Wort hat mehr Buchstaben, ""es"" oder ""gezeigt""? A:","['es', 'gezeigt']",gezeigt,gezeigt
"Von den Wörtern ""beweise"" und ""ganz"", welches hat mehr Buchstaben? ","['beweise', 'ganz']",beweise,beweise
"Von den Wörtern ""dabei"" und ""Erfahrung"", welches hat mehr Buchstaben? ","['dabei', 'erfahrung']",erfahrung,erfahrung
"F: Welches Wort hat mehr Buchstaben, ""weinen"" oder ""an""? A:","['weinen', 'an']",weinen,an
"Von den Wörtern ""lang"" und ""irgendwo"", welches hat mehr Buchstaben? ","['lang', 'irgendwo']",irgendwo,lang
"Von den Wörtern ""daran"" und ""Jobcenter"", welches hat mehr Buchstaben? ","['daran', 'jobcenter']",jobcenter,daran
"F: Welches Wort ist länger, ""mehrere"" oder ""und""? A:","['mehrere', 'und']",mehrere,und
"Von den Wörtern ""gasförmig"" und ""dabei"", welches hat mehr Buchstaben? ","['gasförmig', 'dabei']",gasförmig,dabei
"F: Welches Wort ist länger, ""die"" oder ""zwischen""? A:","['die', 'zwischen']",zwischen,die
"F: Welches Wort ist länger, ""sie"" oder ""blamabel""? A:","['sie', 'blamabel']",blamabel,sie
"F: Welches Wort hat mehr Buchstaben, ""so"" oder ""meinen""? A:","['so', 'meinen']",meinen,meinen
"F: Welches Wort ist länger, ""abholen"" oder ""ich""? A:","['abholen', 'ich']",abholen,abholen
"F: Welches Wort hat mehr Buchstaben, ""völlig"" oder ""so""? A:","['völlig', 'so']",völlig,so
"F: Welches Wort hat mehr Buchstaben, ""erzählt"" oder ""er""? A:","['erzählt', 'er']",erzählt,er
"F: Welches Wort hat mehr Buchstaben, ""so"" oder ""Anteil""? A:","['so', 'anteil']",anteil,anteil
"F: Welches Wort ist länger, ""solches"" oder ""neu""? A:","['solches', 'neu']",solches,solches
"F: Welches Wort hat mehr Buchstaben, ""erzählt"" oder ""so""? A:","['erzählt', 'so']",erzählt,erzählt
"F: Welches Wort hat mehr Buchstaben, ""im"" oder ""analog""? A:","['im', 'analog']",analog,analog
"F: Welches Wort hat mehr Buchstaben, ""zu"" oder ""Bagger""? A:","['zu', 'bagger']",bagger,bagger
"F: Welches Wort ist länger, ""gewinnt"" oder ""nie""? A:","['gewinnt', 'nie']",gewinnt,gewinnt
"F: Welches Wort ist länger, ""neu"" oder ""blamabel""? A:","['neu', 'blamabel']",blamabel,blamabel
"F: Welches Wort hat mehr Buchstaben, ""ist"" oder ""Gebiss""? A:","['ist', 'gebiss']",gebiss,ist
"F: Welches Wort hat mehr Buchstaben, ""ehe"" oder ""fragen""? A:","['ehe', 'fragen']",fragen,ehe
"F: Welches Wort hat mehr Buchstaben, ""wissen"" oder ""ja""? A:","['wissen', 'ja']",wissen,ja
"Von den Wörtern ""bekannte"" und ""sehr"", welches hat mehr Buchstaben? ","['bekannte', 'sehr']",bekannte,bekannte
"F: Welches Wort hat mehr Buchstaben, ""fragen"" oder ""sie""? A:","['fragen', 'sie']",fragen,fragen
"Von den Wörtern ""sehr"" und ""lebende"", welches hat mehr Buchstaben? ","['sehr', 'lebende']",lebende,lebende
"Von den Wörtern ""heut"" und ""gezeigt"", welches hat mehr Buchstaben? ","['heut', 'gezeigt']",gezeigt,gezeigt
"F: Welches Wort hat mehr Buchstaben, ""um"" oder ""Gebiss""? A:","['um', 'gebiss']",gebiss,gebiss
"Von den Wörtern ""nicht"" und ""blamabel"", welches hat mehr Buchstaben? ","['nicht', 'blamabel']",blamabel,blamabel
"Von den Wörtern ""wirklich"" und ""daher"", welches hat mehr Buchstaben? ","['wirklich', 'daher']",wirklich,daher
"Von den Wörtern ""ehrenlos"" und ""sehr"", welches hat mehr Buchstaben? ","['ehrenlos', 'sehr']",ehrenlos,ehrenlos
"Von den Wörtern ""unter"" und ""Verzichts"", welches hat mehr Buchstaben? ","['unter', 'verzichts']",verzichts,verzichts
"F: Welches Wort ist länger, ""all"" oder ""beenden""? A:","['all', 'beenden']",beenden,all
"F: Welches Wort ist länger, ""wertlos"" oder ""und""? A:","['wertlos', 'und']",wertlos,wertlos
"Von den Wörtern ""sehr"" und ""offensiv"", welches hat mehr Buchstaben? ","['sehr', 'offensiv']",offensiv,sehr
"F: Welches Wort hat mehr Buchstaben, ""Anteil"" oder ""du""? A:","['anteil', 'du']",anteil,anteil
"F: Welches Wort ist länger, ""ehrenlos"" oder ""neu""? A:","['ehrenlos', 'neu']",ehrenlos,neu
"Von den Wörtern ""Beispiel"" und ""zeit"", welches hat mehr Buchstaben? ","['beispiel', 'zeit']",beispiel,beispiel
"Von den Wörtern ""blamabel"" und ""ganz"", welches hat mehr Buchstaben? ","['blamabel', 'ganz']",blamabel,blamabel
"Von den Wörtern ""Abschied"" und ""heut"", welches hat mehr Buchstaben? ","['abschied', 'heut']",abschied,abschied
"Von den Wörtern ""viel"" und ""tüfteln"", welches hat mehr Buchstaben? ","['viel', 'tüfteln']",tüfteln,tüfteln
"Von den Wörtern ""erst"" und ""offensiv"", welches hat mehr Buchstaben? ","['erst', 'offensiv']",offensiv,erst
"F: Welches Wort hat mehr Buchstaben, ""weinen"" oder ""er""? A:","['weinen', 'er']",weinen,er
"Von den Wörtern ""allen"" und ""effizient"", welches hat mehr Buchstaben? ","['allen', 'effizient']",effizient,allen
"F: Welches Wort hat mehr Buchstaben, ""weg"" oder ""Gebiss""? A:","['weg', 'gebiss']",gebiss,gebiss
"F: Welches Wort ist länger, ""erzählt"" oder ""nach""? A:","['erzählt', 'nach']",erzählt,erzählt
"Von den Wörtern ""Kehlköpfe"" und ""allen"", welches hat mehr Buchstaben? ","['kehlköpfe', 'allen']",kehlköpfe,allen
"Von den Wörtern ""Jobcenter"" und ""reden"", welches hat mehr Buchstaben? ","['jobcenter', 'reden']",jobcenter,reden
"F: Welches Wort ist länger, ""will"" oder ""ungerne""? A:","['will', 'ungerne']",ungerne,ungerne
"F: Welches Wort hat mehr Buchstaben, ""laufen"" oder ""war""? A:","['laufen', 'war']",laufen,war
"F: Welches Wort hat mehr Buchstaben, ""in"" oder ""pulvrig""? A:","['in', 'pulvrig']",pulvrig,pulvrig
"Von den Wörtern ""mehr"" und ""offensiv"", welches hat mehr Buchstaben? ","['mehr', 'offensiv']",offensiv,mehr
"F: Welches Wort hat mehr Buchstaben, ""er"" oder ""darüber""? A:","['er', 'darüber']",darüber,er
"Von den Wörtern ""würde"" und ""entsteht"", welches hat mehr Buchstaben? ","['würde', 'entsteht']",entsteht,würde
"F: Welches Wort ist länger, ""wirklich"" oder ""neu""? A:","['wirklich', 'neu']",wirklich,neu
"F: Welches Wort hat mehr Buchstaben, ""meinen"" oder ""die""? A:","['meinen', 'die']",meinen,die
"F: Welches Wort hat mehr Buchstaben, ""los"" oder ""tragen""? A:","['los', 'tragen']",tragen,tragen
"Von den Wörtern ""sowie"" und ""Polarität"", welches hat mehr Buchstaben? ","['sowie', 'polarität']",polarität,sowie
"F: Welches Wort hat mehr Buchstaben, ""einmal"" oder ""ob""? A:","['einmal', 'ob']",einmal,einmal
"F: Welches Wort ist länger, ""einfach"" oder ""muss""? A:","['einfach', 'muss']",einfach,muss
"Von den Wörtern ""erst"" und ""irgendwo"", welches hat mehr Buchstaben? ","['erst', 'irgendwo']",irgendwo,erst
"F: Welches Wort ist länger, ""und"" oder ""beenden""? A:","['und', 'beenden']",beenden,beenden
"Von den Wörtern ""irgendwo"" und ""nicht"", welches hat mehr Buchstaben? ","['irgendwo', 'nicht']",irgendwo,nicht
"F: Welches Wort hat mehr Buchstaben, ""los"" oder ""analog""? A:","['los', 'analog']",analog,analog
"Von den Wörtern ""irgendwo"" und ""sowie"", welches hat mehr Buchstaben? ","['irgendwo', 'sowie']",irgendwo,irgendwo
"F: Welches Wort hat mehr Buchstaben, ""so"" oder ""Gebiss""? A:","['so', 'gebiss']",gebiss,gebiss
"F: Welches Wort hat mehr Buchstaben, ""ja"" oder ""gedanke""? A:","['ja', 'gedanke']",gedanke,gedanke
"F: Welches Wort ist länger, ""hier"" oder ""erzählt""? A:","['hier', 'erzählt']",erzählt,erzählt
"F: Welches Wort hat mehr Buchstaben, ""all"" oder ""sollen""? A:","['all', 'sollen']",sollen,all
"Von den Wörtern ""waren"" und ""offensiv"", welches hat mehr Buchstaben? ","['waren', 'offensiv']",offensiv,waren
"F: Welches Wort hat mehr Buchstaben, ""nichts"" oder ""rot""? A:","['nichts', 'rot']",nichts,rot
"F: Welches Wort hat mehr Buchstaben, ""in"" oder ""mehrere""? A:","['in', 'mehrere']",mehrere,in
"F: Welches Wort ist länger, ""die"" oder ""namenlos""? A:","['die', 'namenlos']",namenlos,die
"F: Welches Wort ist länger, ""namenlos"" oder ""weg""? A:","['namenlos', 'weg']",namenlos,namenlos
"F: Welches Wort hat mehr Buchstaben, ""völlig"" oder ""um""? A:","['völlig', 'um']",völlig,um
"F: Welches Wort hat mehr Buchstaben, ""nie"" oder ""sehen ""? A:","['nie', 'sehen']",sehen,nie
"F: Welches Wort ist länger, ""variabel"" oder ""neu""? A:","['variabel', 'neu']",variabel,neu
"F: Welches Wort hat mehr Buchstaben, ""war"" oder ""mulmig""? A:","['war', 'mulmig']",mulmig,war
"F: Welches Wort hat mehr Buchstaben, ""mulmig"" oder ""rot""? A:","['mulmig', 'rot']",mulmig,rot
"F: Welches Wort ist länger, ""weg"" oder ""bedrohen""? A:","['weg', 'bedrohen']",bedrohen,bedrohen
"Von den Wörtern ""verlieren"" und ""reden"", welches hat mehr Buchstaben? ","['verlieren', 'reden']",verlieren,reden
"Von den Wörtern ""muss"" und ""Abschied"", welches hat mehr Buchstaben? ","['muss', 'abschied']",abschied,abschied
"F: Welches Wort ist länger, ""tüfteln"" oder ""will""? A:","['tüfteln', 'will']",tüfteln,tüfteln
"Von den Wörtern ""daher"" und ""tadellos"", welches hat mehr Buchstaben? ","['daher', 'tadellos']",tadellos,tadellos
"Von den Wörtern ""brüllen"" und ""ganz"", welches hat mehr Buchstaben? ","['brüllen', 'ganz']",brüllen,brüllen
"F: Welches Wort ist länger, ""erzählt"" oder ""sie""? A:","['erzählt', 'sie']",erzählt,erzählt
"F: Welches Wort ist länger, ""tüfteln"" oder ""nun""? A:","['tüfteln', 'nun']",tüfteln,nun
"Von den Wörtern ""unter"" und ""Bedeutung"", welches hat mehr Buchstaben? ","['unter', 'bedeutung']",bedeutung,bedeutung
"F: Welches Wort hat mehr Buchstaben, ""so"" oder ""mulmig""? A:","['so', 'mulmig']",mulmig,so
"Von den Wörtern ""Beispiel"" und ""bald"", welches hat mehr Buchstaben? ","['beispiel', 'bald']",beispiel,beispiel
"F: Welches Wort ist länger, ""namenlos"" oder ""ein""? A:","['namenlos', 'ein']",namenlos,namenlos
"Von den Wörtern ""diese"" und ""Obduktion"", welches hat mehr Buchstaben? ","['diese', 'obduktion']",obduktion,obduktion
"F: Welches Wort ist länger, ""blamabel"" oder ""der""? A:","['blamabel', 'der']",blamabel,blamabel
"F: Welches Wort ist länger, ""pulvrig"" oder ""all""? A:","['pulvrig', 'all']",pulvrig,all
"Von den Wörtern ""wirklich"" und ""dann"", welches hat mehr Buchstaben? ","['wirklich', 'dann']",wirklich,dann
"F: Welches Wort ist länger, ""bedeutet"" oder ""neu""? A:","['bedeutet', 'neu']",bedeutet,neu
"F: Welches Wort hat mehr Buchstaben, ""mehrere"" oder ""es""? A:","['mehrere', 'es']",mehrere,es
"Von den Wörtern ""entsteht"" und ""kann"", welches hat mehr Buchstaben? ","['entsteht', 'kann']",entsteht,entsteht
"F: Welches Wort hat mehr Buchstaben, ""war"" oder ""völlig""? A:","['war', 'völlig']",völlig,war
"F: Welches Wort ist länger, ""gewinnt"" oder ""ehe""? A:","['gewinnt', 'ehe']",gewinnt,gewinnt
"F: Welches Wort hat mehr Buchstaben, ""im"" oder ""brüllen""? A:","['im', 'brüllen']",brüllen,brüllen
"Von den Wörtern ""ganz"" und ""Beispiel"", welches hat mehr Buchstaben? ","['ganz', 'beispiel']",beispiel,beispiel
"Von den Wörtern ""lang"" und ""tadellos"", welches hat mehr Buchstaben? ","['lang', 'tadellos']",tadellos,tadellos
"F: Welches Wort hat mehr Buchstaben, ""neu"" oder ""nichts""? A:","['neu', 'nichts']",nichts,nichts
"F: Welches Wort ist länger, ""dann"" oder ""mehrere""? A:","['dann', 'mehrere']",mehrere,dann
"Von den Wörtern ""bald"" und ""ehrenlos"", welches hat mehr Buchstaben? ","['bald', 'ehrenlos']",ehrenlos,bald
"F: Welches Wort hat mehr Buchstaben, ""ungerne"" oder ""ob""? A:","['ungerne', 'ob']",ungerne,ungerne
"F: Welches Wort ist länger, ""war"" oder ""ehrenlos""? A:","['war', 'ehrenlos']",ehrenlos,ehrenlos
"F: Welches Wort hat mehr Buchstaben, ""ob"" oder ""mulmig""? A:","['ob', 'mulmig']",mulmig,ob
"Von den Wörtern ""viel"" und ""bedrohen"", welches hat mehr Buchstaben? ","['viel', 'bedrohen']",bedrohen,bedrohen
"F: Welches Wort hat mehr Buchstaben, ""die"" oder ""nichts""? A:","['die', 'nichts']",nichts,die
"F: Welches Wort hat mehr Buchstaben, ""ob"" oder ""laufen""? A:","['ob', 'laufen']",laufen,ob
"F: Welches Wort hat mehr Buchstaben, ""es"" oder ""gedanke""? A:","['es', 'gedanke']",gedanke,gedanke
"F: Welches Wort hat mehr Buchstaben, ""sollen"" oder ""der""? A:","['sollen', 'der']",sollen,der
"Von den Wörtern ""Bedeutung"" und ""daher"", welches hat mehr Buchstaben? ","['bedeutung', 'daher']",bedeutung,bedeutung
"Von den Wörtern ""noch"" und ""Beispiel"", welches hat mehr Buchstaben? ","['noch', 'beispiel']",beispiel,beispiel
"Von den Wörtern ""ganz"" und ""ungerne"", welches hat mehr Buchstaben? ","['ganz', 'ungerne']",ungerne,ungerne
"F: Welches Wort hat mehr Buchstaben, ""war"" oder ""denken""? A:","['war', 'denken']",denken,denken
"F: Welches Wort hat mehr Buchstaben, ""da"" oder ""mehrere""? A:","['da', 'mehrere']",mehrere,da
"F: Welches Wort ist länger, ""muss"" oder ""erzählt""? A:","['muss', 'erzählt']",erzählt,erzählt
"F: Welches Wort ist länger, ""variabel"" oder ""weg""? A:","['variabel', 'weg']",variabel,weg
"F: Welches Wort hat mehr Buchstaben, ""völlig"" oder ""ein""? A:","['völlig', 'ein']",völlig,ein
"F: Welches Wort ist länger, ""beweise"" oder ""war""? A:","['beweise', 'war']",beweise,war
"Von den Wörtern ""namenlos"" und ""erst"", welches hat mehr Buchstaben? ","['namenlos', 'erst']",namenlos,namenlos
"F: Welches Wort hat mehr Buchstaben, ""sie"" oder ""denken""? A:","['sie', 'denken']",denken,denken
"F: Welches Wort hat mehr Buchstaben, ""am"" oder ""sollen""? A:","['am', 'sollen']",sollen,am
"Von den Wörtern ""gasförmig"" und ""unter"", welches hat mehr Buchstaben? ","['gasförmig', 'unter']",gasförmig,unter
"F: Welches Wort ist länger, ""beweise"" oder ""aus""? A:","['beweise', 'aus']",beweise,aus
"Von den Wörtern ""tadellos"" und ""dann"", welches hat mehr Buchstaben? ","['tadellos', 'dann']",tadellos,tadellos
"F: Welches Wort hat mehr Buchstaben, ""einfach"" oder ""er""? A:","['einfach', 'er']",einfach,er
"F: Welches Wort hat mehr Buchstaben, ""ein"" oder ""denken""? A:","['ein', 'denken']",denken,denken
"F: Welches Wort hat mehr Buchstaben, ""all"" oder ""Gebiss""? A:","['all', 'gebiss']",gebiss,all
"F: Welches Wort ist länger, ""lebende"" oder ""ein""? A:","['lebende', 'ein']",lebende,lebende
"F: Welches Wort hat mehr Buchstaben, ""jemand"" oder ""ab""? A:","['jemand', 'ab']",jemand,ab
"F: Welches Wort hat mehr Buchstaben, ""jemand"" oder ""ja""? A:","['jemand', 'ja']",jemand,jemand
"F: Welches Wort hat mehr Buchstaben, ""in"" oder ""mulmig""? A:","['in', 'mulmig']",mulmig,mulmig
"Von den Wörtern ""ehrenlos"" und ""würde"", welches hat mehr Buchstaben? ","['ehrenlos', 'würde']",ehrenlos,würde
"Von den Wörtern ""Verlusten"" und ""daher"", welches hat mehr Buchstaben? ","['verlusten', 'daher']",verlusten,daher
"F: Welches Wort hat mehr Buchstaben, ""denken"" oder ""zu""? A:","['denken', 'zu']",denken,denken
"F: Welches Wort ist länger, ""aus"" oder ""entsteht""? A:","['aus', 'entsteht']",entsteht,aus
"Von den Wörtern ""wurde"" und ""namenlos"", welches hat mehr Buchstaben? ","['wurde', 'namenlos']",namenlos,namenlos
"F: Welches Wort ist länger, ""geborene"" oder ""all""? A:","['geborene', 'all']",geborene,all
"F: Welches Wort hat mehr Buchstaben, ""ein"" oder ""tragen""? A:","['ein', 'tragen']",tragen,tragen
"F: Welches Wort ist länger, ""wenn"" oder ""erzählt""? A:","['wenn', 'erzählt']",erzählt,erzählt
"Von den Wörtern ""Verlusten"" und ""diese"", welches hat mehr Buchstaben? ","['verlusten', 'diese']",verlusten,diese
"Von den Wörtern ""Verzichts"" und ""daher"", welches hat mehr Buchstaben? ","['verzichts', 'daher']",verzichts,daher
"Von den Wörtern ""daher"" und ""namenlos"", welches hat mehr Buchstaben? ","['daher', 'namenlos']",namenlos,namenlos
"F: Welches Wort ist länger, ""irgendwo"" oder ""der""? A:","['irgendwo', 'der']",irgendwo,der
"F: Welches Wort ist länger, ""rot"" oder ""darüber""? A:","['rot', 'darüber']",darüber,darüber
"F: Welches Wort hat mehr Buchstaben, ""völlig"" oder ""zu""? A:","['völlig', 'zu']",völlig,völlig
"Von den Wörtern ""sehr"" und ""mehrere"", welches hat mehr Buchstaben? ","['sehr', 'mehrere']",mehrere,mehrere
"F: Welches Wort hat mehr Buchstaben, ""die"" oder ""besser""? A:","['die', 'besser']",besser,besser
"F: Welches Wort ist länger, ""auch"" oder ""beenden""? A:","['auch', 'beenden']",beenden,auch
"F: Welches Wort ist länger, ""bestens"" oder ""nie""? A:","['bestens', 'nie']",bestens,bestens
